Abigail, Adam, Alan, Alice, Andrew, Anna, Arthur, Audrey, Austin, Beatrice, Benjamin, Bennett, Bridget, Caleb, Catherine, Charles, Charlotte, Clara, Colin, Connor, Daniel, David, Eleanor, Elizabeth, Emily, Emma, Eric, Ethan, Evelyn, Florence, Francis, Frederick, Gabriel, George, Grace, Gregory, Hannah, Harold, Harry, Harvey, Henry, Holly, Isaac, Isabelle, Jack, Jacob, James, Jane, Jasper, John, Jonathan, Joseph, Julian, Katherine, Laura, Lawrence, Leo, Liam, Lily, Lucas, Luke, Margaret, Mark, Martha, Martin, Mary, Matthew, Michael, Nathan, Nicholas, Oliver, Olivia, Owen, Patrick, Peter, Philip, Rachel, Ralph, Raymond, Richard, Robert, Robin, Roger, Roland, Rose, Samuel, Sarah, Simon, Stephen, Thomas, Timothy, Tristan, Victor, Victoria, Vincent, Walter, Warren, William, Winston, Zachary